4 0.09922666666666664
4 0.0
4 0.0
4 0.09922666666666664
4 0.09922666666666664
4 0.0
4 0.0
4 0.0
4 0.09922666666666664
4 0.06615111111111109
4 0.033075555555555546
4 0.033075555555555546
4 0.06615111111111109
4 0.033075555555555546
4 0.06615111111111109
4 0.0
4 0.0
4 0.09922666666666664
4 0.0
4 0.0
4 0.09922666666666664
4 0.09922666666666664
4 0.1984533333333333
4 0.09922666666666664
4 0.1984533333333333
4 0.09922666666666664
4 0.09922666666666664
4 0.09922666666666664
4 0.0
4 0.0
4 0.0
4 0.09922666666666664
4 0.09922666666666664
4 0.09922666666666664
4 0.09922666666666664
4 0.09922666666666664
4 0.1984533333333333
4 0.033075555555555546
4 0.06615111111111109
4 0.033075555555555546
4 0.06615111111111109
4 0.033075555555555546
4 0.06615111111111109
4 0.09922666666666664
4 0.0
4 0.09922666666666664
4 0.0
4 0.09922666666666664
4 0.0
4 0.0
4 0.0
4 0.0
4 0.1984533333333333
4 0.09922666666666664
4 0.09922666666666664
4 0.09922666666666664
4 0.033075555555555546
4 0.033075555555555546
4 0.033075555555555546
4 0.13230222222222218
4 0.06615111111111109
4 0.13230222222222218
4 0.06615111111111109
4 0.16537777777777776
4 0.06615111111111109
4 0.13230222222222218
4 0.16537777777777776
4 0.033075555555555546
4 0.13230222222222218
4 0.06615111111111109
4 0.033075555555555546
4 0.033075555555555546
4 0.13230222222222218
4 0.033075555555555546
4 0.033075555555555546
4 0.06615111111111109
4 0.13230222222222218
4 0.033075555555555546
4 0.033075555555555546
4 0.16537777777777776
4 0.13230222222222218
4 0.06615111111111109
4 0.16537777777777776
4 0.06615111111111109
4 0.06615111111111109
4 0.13230222222222218
4 0.033075555555555546
4 0.033075555555555546
4 0.033075555555555546
4 0.033075555555555546
4 0.16537777777777776
4 0.16537777777777776
4 0.06615111111111109
4 0.06615111111111109
4 0.09922666666666664
4 0.09922666666666664
4 0.09922666666666664
4 0.1984533333333333
4 0.1984533333333333
4 0.09922666666666664
4 0.1984533333333333
4 0.09922666666666664
4 0.1984533333333333
4 0.09922666666666664
4 0.13230222222222218
4 0.16537777777777776
4 0.13230222222222218
4 0.16537777777777776
4 0.13230222222222218
4 0.16537777777777776
4 0.29767999999999994
4 0.1984533333333333
4 0.1984533333333333
4 0.1984533333333333
4 0.1984533333333333
4 0.09922666666666664
4 0.09922666666666664
4 0.09922666666666664
4 0.09922666666666664
4 0.1984533333333333
4 0.09922666666666664
4 0.1984533333333333
4 0.09922666666666664
4 0.09922666666666664
4 0.1984533333333333
4 0.29767999999999994
4 0.1984533333333333
4 0.1984533333333333
4 0.09922666666666664
4 0.1984533333333333
4 0.09922666666666664
4 0.09922666666666664
4 0.1984533333333333
4 0.13230222222222218
4 0.16537777777777776
4 0.13230222222222218
4 0.13230222222222218
4 0.16537777777777776
4 0.16537777777777776
4 0.09922666666666664
4 0.09922666666666664
4 0.09922666666666664
4 0.1984533333333333
4 0.09922666666666664
4 0.1984533333333333
4 0.09922666666666664
4 0.09922666666666664
4 0.1984533333333333
4 0.09922666666666664
4 0.1984533333333333
4 0.1984533333333333
4 0.09922666666666664
4 0.09922666666666664
4 0.09922666666666664
4 0.14639999999999997
4 0.0
4 0.0
4 0.14639999999999997
4 0.14639999999999997
4 0.0
4 0.0
4 0.0
4 0.14639999999999997
4 0.09759999999999998
4 0.04879999999999999
4 0.04879999999999999
4 0.09759999999999998
4 0.04879999999999999
4 0.09759999999999998
4 0.14639999999999997
4 0.14639999999999997
4 0.29279999999999995
4 0.14639999999999997
4 0.14639999999999997
4 0.29279999999999995
4 0.14639999999999997
4 0.14639999999999997
4 0.14639999999999997
4 0.14639999999999997
4 0.14639999999999997
4 0.0
4 0.0
4 0.14639999999999997
4 0.14639999999999997
4 0.14639999999999997
4 0.14639999999999997
4 0.14639999999999997
4 0.14639999999999997
4 0.29279999999999995
4 0.09759999999999998
4 0.04879999999999999
4 0.04879999999999999
4 0.09759999999999998
4 0.04879999999999999
4 0.09759999999999998
4 0.14639999999999997
4 0.0
4 0.14639999999999997
4 0.0
4 0.0
4 0.29279999999999995
4 0.14639999999999997
4 0.14639999999999997
4 0.14639999999999997
4 0.14639999999999997
4 0.14639999999999997
4 0.0
4 0.0
4 0.14639999999999997
4 0.0
4 0.14639999999999997
4 0.14639999999999997
4 0.14639999999999997
4 0.14639999999999997
4 0.29279999999999995
4 0.09759999999999998
4 0.09759999999999998
4 0.04879999999999999
4 0.09759999999999998
4 0.04879999999999999
4 0.09759999999999998
4 0.0
4 0.0
4 0.14639999999999997
4 0.0
4 0.14639999999999997
4 0.14639999999999997
4 0.0
4 0.0
4 0.0
4 0.0
4 0.14639999999999997
4 0.14639999999999997
4 0.14639999999999997
4 0.09759999999999998
4 0.09759999999999998
4 0.24399999999999997
4 0.24399999999999997
4 0.19519999999999996
4 0.09759999999999998
4 0.24399999999999997
4 0.09759999999999998
4 0.19519999999999996
4 0.24399999999999997
4 0.04879999999999999
4 0.19519999999999996
4 0.09759999999999998
4 0.04879999999999999
4 0.04879999999999999
4 0.19519999999999996
4 0.19519999999999996
4 0.04879999999999999
4 0.09759999999999998
4 0.19519999999999996
4 0.04879999999999999
4 0.04879999999999999
4 0.19519999999999996
4 0.09759999999999998
4 0.24399999999999997
4 0.09759999999999998
4 0.19519999999999996
4 0.19519999999999996
4 0.04879999999999999
4 0.04879999999999999
4 0.04879999999999999
4 0.04879999999999999
4 0.19519999999999996
4 0.24399999999999997
4 0.09759999999999998
4 0.09759999999999998
4 0.14639999999999997
4 0.14639999999999997
4 0.14639999999999997
4 0.29279999999999995
4 0.0
4 0.14639999999999997
4 0.0
4 0.14639999999999997
4 0.0
4 0.09759999999999998
4 0.09759999999999998
4 0.04879999999999999
4 0.09759999999999998
4 0.04879999999999999
4 0.09759999999999998
4 0.14639999999999997
4 0.14639999999999997
4 0.14639999999999997
4 0.14639999999999997
4 0.14639999999999997
4 0.0
4 0.0
4 0.0
4 0.0
4 0.0
4 0.14639999999999997
4 0.0
4 0.0
4 0.14639999999999997
4 0.29279999999999995
4 0.14639999999999997
4 0.14639999999999997
4 0.29279999999999995
4 0.24399999999999997
4 0.24399999999999997
4 0.19519999999999996
4 0.19519999999999996
4 0.19519999999999996
4 0.24399999999999997
4 0.4391999999999999
4 0.29279999999999995
4 0.29279999999999995
4 0.29279999999999995
4 0.29279999999999995
4 0.29279999999999995
4 0.29279999999999995
4 0.14639999999999997
4 0.14639999999999997
4 0.14639999999999997
4 0.14639999999999997
4 0.29279999999999995
4 0.4391999999999999
4 0.29279999999999995
4 0.29279999999999995
4 0.29279999999999995
4 0.24399999999999997
4 0.24399999999999997
4 0.19519999999999996
4 0.19519999999999996
4 0.24399999999999997
4 0.19519999999999996
4 0.29279999999999995
4 0.14639999999999997
4 0.14639999999999997
4 0.29279999999999995
4 0.14639999999999997
4 0.29279999999999995
4 0.29279999999999995
4 0.14639999999999997
4 0.14639999999999997
4 0.14639999999999997
4 0.14639999999999997
4 0.0
4 0.0
4 0.14314666666666662
4 0.14314666666666662
4 0.0
4 0.0
4 0.0
4 0.0
4 0.14314666666666662
4 0.09543111111111108
4 0.04771555555555554
4 0.04771555555555554
4 0.09543111111111108
4 0.04771555555555554
4 0.09543111111111108
4 0.14314666666666662
4 0.0
4 0.14314666666666662
4 0.0
4 0.0
4 0.14314666666666662
4 0.14314666666666662
4 0.28629333333333323
4 0.14314666666666662
4 0.28629333333333323
4 0.14314666666666662
4 0.14314666666666662
4 0.14314666666666662
4 0.14314666666666662
4 0.14314666666666662
4 0.28629333333333323
4 0.14314666666666662
4 0.28629333333333323
4 0.14314666666666662
4 0.14314666666666662
4 0.14314666666666662
4 0.28629333333333323
4 0.28629333333333323
4 0.23857777777777772
4 0.19086222222222216
4 0.19086222222222216
4 0.23857777777777772
4 0.19086222222222216
4 0.23857777777777772
4 0.14314666666666662
4 0.28629333333333323
4 0.14314666666666662
4 0.28629333333333323
4 0.14314666666666662
4 0.28629333333333323
4 0.14314666666666662
4 0.14314666666666662
4 0.14314666666666662
4 0.14314666666666662
4 0.4294399999999999
4 0.28629333333333323
4 0.28629333333333323
4 0.28629333333333323
4 0.09543111111111108
4 0.09543111111111108
4 0.23857777777777772
4 0.23857777777777772
4 0.19086222222222216
4 0.04771555555555554
4 0.04771555555555554
4 0.04771555555555554
4 0.19086222222222216
4 0.09543111111111108
4 0.19086222222222216
4 0.04771555555555554
4 0.04771555555555554
4 0.09543111111111108
4 0.04771555555555554
4 0.04771555555555554
4 0.19086222222222216
4 0.19086222222222216
4 0.04771555555555554
4 0.09543111111111108
4 0.19086222222222216
4 0.04771555555555554
4 0.04771555555555554
4 0.23857777777777772
4 0.09543111111111108
4 0.23857777777777772
4 0.09543111111111108
4 0.19086222222222216
4 0.09543111111111108
4 0.04771555555555554
4 0.04771555555555554
4 0.04771555555555554
4 0.04771555555555554
4 0.19086222222222216
4 0.23857777777777772
4 0.23857777777777772
4 0.09543111111111108
4 0.09543111111111108
4 0.14314666666666662
4 0.14314666666666662
4 0.14314666666666662
4 0.28629333333333323
4 0.0
4 0.0
4 0.0
4 0.14314666666666662
4 0.14314666666666662
4 0.09543111111111108
4 0.04771555555555554
4 0.04771555555555554
4 0.09543111111111108
4 0.04771555555555554
4 0.09543111111111108
4 0.28629333333333323
4 0.14314666666666662
4 0.14314666666666662
4 0.14314666666666662
4 0.14314666666666662
4 0.0
4 0.0
4 0.0
4 0.0
4 0.14314666666666662
4 0.14314666666666662
4 0.0
4 0.0
4 0.28629333333333323
4 0.28629333333333323
4 0.28629333333333323
4 0.4294399999999999
4 0.14314666666666662
4 0.14314666666666662
4 0.14314666666666662
4 0.14314666666666662
4 0.28629333333333323
4 0.23857777777777772
4 0.19086222222222216
4 0.19086222222222216
4 0.19086222222222216
4 0.23857777777777772
4 0.23857777777777772
4 0.28629333333333323
4 0.14314666666666662
4 0.14314666666666662
4 0.28629333333333323
4 0.14314666666666662
4 0.28629333333333323
4 0.14314666666666662
4 0.14314666666666662
4 0.28629333333333323
4 0.14314666666666662
4 0.28629333333333323
4 0.28629333333333323
4 0.14314666666666662
4 0.14314666666666662
4 0.14314666666666662
4 0.0
4 0.0
4 0.0
4 0.1529066666666666
4 0.1529066666666666
4 0.05096888888888887
4 0.10193777777777774
4 0.05096888888888887
4 0.10193777777777774
4 0.05096888888888887
4 0.10193777777777774
4 0.1529066666666666
4 0.1529066666666666
4 0.1529066666666666
4 0.3058133333333332
4 0.1529066666666666
4 0.1529066666666666
4 0.1529066666666666
4 0.0
4 0.1529066666666666
4 0.0
4 0.3058133333333332
4 0.1529066666666666
4 0.1529066666666666
4 0.1529066666666666
4 0.1529066666666666
4 0.0
4 0.0
4 0.1529066666666666
4 0.0
4 0.1529066666666666
4 0.0
4 0.0
4 0.0
4 0.1529066666666666
4 0.10193777777777774
4 0.10193777777777774
4 0.05096888888888887
4 0.10193777777777774
4 0.05096888888888887
4 0.10193777777777774
4 0.1529066666666666
4 0.0
4 0.0
4 0.1529066666666666
4 0.0
4 0.0
4 0.1529066666666666
4 0.1529066666666666
4 0.3058133333333332
4 0.1529066666666666
4 0.1529066666666666
4 0.1529066666666666
4 0.1529066666666666
4 0.1529066666666666
4 0.1529066666666666
4 0.1529066666666666
4 0.3058133333333332
4 0.3058133333333332
4 0.2548444444444444
4 0.20387555555555548
4 0.20387555555555548
4 0.2548444444444444
4 0.20387555555555548
4 0.2548444444444444
4 0.3058133333333332
4 0.1529066666666666
4 0.1529066666666666
4 0.3058133333333332
4 0.1529066666666666
4 0.1529066666666666
4 0.45871999999999985
4 0.3058133333333332
4 0.3058133333333332
4 0.3058133333333332
4 0.3058133333333332
4 0.10193777777777774
4 0.2548444444444444
4 0.10193777777777774
4 0.2548444444444444
4 0.20387555555555548
4 0.05096888888888887
4 0.05096888888888887
4 0.05096888888888887
4 0.20387555555555548
4 0.10193777777777774
4 0.20387555555555548
4 0.10193777777777774
4 0.10193777777777774
4 0.20387555555555548
4 0.2548444444444444
4 0.20387555555555548
4 0.05096888888888887
4 0.05096888888888887
4 0.20387555555555548
4 0.05096888888888887
4 0.05096888888888887
4 0.10193777777777774
4 0.2548444444444444
4 0.20387555555555548
4 0.2548444444444444
4 0.10193777777777774
4 0.20387555555555548
4 0.10193777777777774
4 0.20387555555555548
4 0.05096888888888887
4 0.05096888888888887
4 0.05096888888888887
4 0.20387555555555548
4 0.2548444444444444
4 0.10193777777777774
4 0.10193777777777774
4 0.0
4 0.0
4 0.1529066666666666
4 0.1529066666666666
4 0.1529066666666666
4 0.1529066666666666
4 0.1529066666666666
4 0.1529066666666666
4 0.3058133333333332
4 0.10193777777777774
4 0.05096888888888887
4 0.10193777777777774
4 0.05096888888888887
4 0.05096888888888887
4 0.10193777777777774
4 0.3058133333333332
4 0.1529066666666666
4 0.1529066666666666
4 0.1529066666666666
4 0.1529066666666666
4 0.1529066666666666
4 0.1529066666666666
4 0.1529066666666666
4 0.0
4 0.0
4 0.0
4 0.1529066666666666
4 0.1529066666666666
4 0.3058133333333332
4 0.1529066666666666
4 0.1529066666666666
4 0.1529066666666666
4 0.1529066666666666
4 0.10193777777777774
4 0.05096888888888887
4 0.10193777777777774
4 0.05096888888888887
4 0.10193777777777774
4 0.10193777777777774
4 0.1529066666666666
4 0.0
4 0.0
4 0.0
4 0.1529066666666666
4 0.0
4 0.0
4 0.1529066666666666
4 0.0
4 0.1529066666666666
4 0.0
4 0.1529066666666666
4 0.0
4 0.0
4 0.0
4 0.3058133333333332
4 0.3058133333333332
4 0.3058133333333332
4 0.3058133333333332
4 0.45871999999999985
4 0.2548444444444444
4 0.20387555555555548
4 0.2548444444444444
4 0.20387555555555548
4 0.2548444444444444
4 0.20387555555555548
4 0.3058133333333332
4 0.1529066666666666
4 0.1529066666666666
4 0.1529066666666666
4 0.3058133333333332
4 0.1529066666666666
4 0.3058133333333332
4 0.3058133333333332
4 0.1529066666666666
4 0.1529066666666666
4 0.1529066666666666
4 0.10410666666666663
4 0.10410666666666663
4 0.10410666666666663
4 0.2602666666666666
4 0.15615999999999994
4 0.2602666666666666
4 0.10410666666666663
4 0.2602666666666666
4 0.15615999999999994
4 0.10410666666666663
4 0.10410666666666663
4 0.2602666666666666
4 0.2602666666666666
4 0.2602666666666666
4 0.3123199999999999
4 0.4164266666666665
4 0.2602666666666666
4 0.2602666666666666
4 0.3123199999999999
4 0.4164266666666665
4 0.2602666666666666
4 0.2602666666666666
4 0.2602666666666666
4 0.2602666666666666
4 0.3643733333333332
4 0.3643733333333332
4 0.20821333333333325
4 0.20821333333333325
4 0.05205333333333331
4 0.05205333333333331
4 0.20821333333333325
4 0.20821333333333325
4 0.15615999999999994
4 0.05205333333333331
4 0.20821333333333325
4 0.05205333333333331
4 0.15615999999999994
4 0.20821333333333325
4 0.05205333333333331
4 0.20821333333333325
4 0.10410666666666663
4 0.05205333333333331
4 0.05205333333333331
4 0.20821333333333325
4 0.20821333333333325
4 0.05205333333333331
4 0.10410666666666663
4 0.20821333333333325
4 0.05205333333333331
4 0.05205333333333331
4 0.3123199999999999
4 0.20821333333333325
4 0.3643733333333332
4 0.20821333333333325
4 0.2602666666666666
4 0.2602666666666666
4 0.10410666666666663
4 0.10410666666666663
4 0.10410666666666663
4 0.10410666666666663
4 0.3123199999999999
4 0.3643733333333332
4 0.20821333333333325
4 0.20821333333333325
4 0.10410666666666663
4 0.10410666666666663
4 0.10410666666666663
4 0.2602666666666666
4 0.15615999999999994
4 0.2602666666666666
4 0.2602666666666666
4 0.2602666666666666
4 0.3123199999999999
4 0.2602666666666666
4 0.2602666666666666
4 0.4164266666666665
4 0.2602666666666666
4 0.10410666666666663
4 0.15615999999999994
4 0.2602666666666666
4 0.10410666666666663
4 0.10410666666666663
4 0.3643733333333332
4 0.20821333333333325
4 0.3643733333333332
4 0.20821333333333325
4 0.4164266666666665
4 0.3123199999999999
4 0.2602666666666666
4 0.2602666666666666
4 0.2602666666666666
4 0.2602666666666666
4 0.05205333333333331
4 0.20821333333333325
4 0.05205333333333331
4 0.20821333333333325
4 0.15615999999999994
4 0.05205333333333331
4 0.05205333333333331
4 0.05205333333333331
4 0.20821333333333325
4 0.10410666666666663
4 0.20821333333333325
4 0.20821333333333325
4 0.20821333333333325
4 0.3123199999999999
4 0.3643733333333332
4 0.2602666666666666
4 0.10410666666666663
4 0.10410666666666663
4 0.2602666666666666
4 0.10410666666666663
4 0.10410666666666663
4 0.05205333333333331
4 0.20821333333333325
4 0.15615999999999994
4 0.20821333333333325
4 0.05205333333333331
4 0.20821333333333325
4 0.10410666666666663
4 0.20821333333333325
4 0.05205333333333331
4 0.05205333333333331
4 0.05205333333333331
4 0.3123199999999999
4 0.3643733333333332
4 0.20821333333333325
4 0.20821333333333325
4 0.20821333333333325
4 0.20821333333333325
4 0.3643733333333332
4 0.3123199999999999
4 0.05205333333333331
4 0.05205333333333331
4 0.05205333333333331
4 0.20821333333333325
4 0.10410666666666663
4 0.20821333333333325
4 0.05205333333333331
4 0.20821333333333325
4 0.15615999999999994
4 0.20821333333333325
4 0.05205333333333331
4 0.10410666666666663
4 0.10410666666666663
4 0.2602666666666666
4 0.10410666666666663
4 0.10410666666666663
4 0.2602666666666666
4 0.3643733333333332
4 0.3123199999999999
4 0.20821333333333325
4 0.20821333333333325
4 0.20821333333333325
4 0.10410666666666663
4 0.20821333333333325
4 0.05205333333333331
4 0.05205333333333331
4 0.05205333333333331
4 0.15615999999999994
4 0.20821333333333325
4 0.05205333333333331
4 0.20821333333333325
4 0.05205333333333331
4 0.2602666666666666
4 0.2602666666666666
4 0.2602666666666666
4 0.2602666666666666
4 0.3123199999999999
4 0.4164266666666665
4 0.20821333333333325
4 0.3643733333333332
4 0.20821333333333325
4 0.3643733333333332
4 0.10410666666666663
4 0.10410666666666663
4 0.2602666666666666
4 0.15615999999999994
4 0.10410666666666663
4 0.2602666666666666
4 0.4164266666666665
4 0.2602666666666666
4 0.2602666666666666
4 0.3123199999999999
4 0.2602666666666666
4 0.2602666666666666
4 0.2602666666666666
4 0.15615999999999994
4 0.2602666666666666
4 0.10410666666666663
4 0.10410666666666663
4 0.10410666666666663
4 0.20821333333333325
4 0.20821333333333325
4 0.3643733333333332
4 0.3123199999999999
4 0.10410666666666663
4 0.10410666666666663
4 0.10410666666666663
4 0.10410666666666663
4 0.2602666666666666
4 0.2602666666666666
4 0.20821333333333325
4 0.3643733333333332
4 0.20821333333333325
4 0.3123199999999999
4 0.05205333333333331
4 0.05205333333333331
4 0.20821333333333325
4 0.10410666666666663
4 0.05205333333333331
4 0.20821333333333325
4 0.20821333333333325
4 0.05205333333333331
4 0.05205333333333331
4 0.10410666666666663
4 0.20821333333333325
4 0.05205333333333331
4 0.20821333333333325
4 0.15615999999999994
4 0.05205333333333331
4 0.20821333333333325
4 0.05205333333333331
4 0.15615999999999994
4 0.20821333333333325
4 0.20821333333333325
4 0.05205333333333331
4 0.05205333333333331
4 0.20821333333333325
4 0.20821333333333325
4 0.3643733333333332
4 0.3643733333333332
4 0.2602666666666666
4 0.2602666666666666
4 0.2602666666666666
4 0.2602666666666666
4 0.4164266666666665
4 0.3123199999999999
4 0.2602666666666666
4 0.2602666666666666
4 0.4164266666666665
4 0.3123199999999999
4 0.2602666666666666
4 0.2602666666666666
4 0.2602666666666666
4 0.10410666666666663
4 0.10410666666666663
4 0.15615999999999994
4 0.2602666666666666
4 0.10410666666666663
4 0.2602666666666666
4 0.15615999999999994
4 0.2602666666666666
4 0.10410666666666663
4 0.10410666666666663
4 0.10410666666666663
4 0.1529066666666666
4 0.1529066666666666
4 0.1529066666666666
4 0.3058133333333332
4 0.3058133333333332
4 0.1529066666666666
4 0.3058133333333332
4 0.1529066666666666
4 0.1529066666666666
4 0.1529066666666666
4 0.3058133333333332
4 0.20387555555555548
4 0.2548444444444444
4 0.20387555555555548
4 0.2548444444444444
4 0.20387555555555548
4 0.2548444444444444
4 0.45871999999999985
4 0.3058133333333332
4 0.3058133333333332
4 0.3058133333333332
4 0.3058133333333332
4 0.0
4 0.0
4 0.0
4 0.1529066666666666
4 0.0
4 0.1529066666666666
4 0.0
4 0.1529066666666666
4 0.0
4 0.0
4 0.1529066666666666
4 0.0
4 0.0
4 0.0
4 0.1529066666666666
4 0.10193777777777774
4 0.10193777777777774
4 0.05096888888888887
4 0.10193777777777774
4 0.05096888888888887
4 0.10193777777777774
4 0.1529066666666666
4 0.1529066666666666
4 0.1529066666666666
4 0.1529066666666666
4 0.3058133333333332
4 0.1529066666666666
4 0.1529066666666666
4 0.0
4 0.0
4 0.0
4 0.1529066666666666
4 0.1529066666666666
4 0.1529066666666666
4 0.1529066666666666
4 0.1529066666666666
4 0.1529066666666666
4 0.1529066666666666
4 0.3058133333333332
4 0.10193777777777774
4 0.05096888888888887
4 0.05096888888888887
4 0.10193777777777774
4 0.05096888888888887
4 0.10193777777777774
4 0.3058133333333332
4 0.1529066666666666
4 0.1529066666666666
4 0.1529066666666666
4 0.1529066666666666
4 0.1529066666666666
4 0.1529066666666666
4 0.0
4 0.0
4 0.10193777777777774
4 0.10193777777777774
4 0.2548444444444444
4 0.20387555555555548
4 0.05096888888888887
4 0.05096888888888887
4 0.05096888888888887
4 0.20387555555555548
4 0.10193777777777774
4 0.20387555555555548
4 0.10193777777777774
4 0.2548444444444444
4 0.20387555555555548
4 0.2548444444444444
4 0.10193777777777774
4 0.05096888888888887
4 0.05096888888888887
4 0.20387555555555548
4 0.05096888888888887
4 0.05096888888888887
4 0.20387555555555548
4 0.2548444444444444
4 0.20387555555555548
4 0.10193777777777774
4 0.10193777777777774
4 0.20387555555555548
4 0.10193777777777774
4 0.20387555555555548
4 0.05096888888888887
4 0.05096888888888887
4 0.05096888888888887
4 0.20387555555555548
4 0.2548444444444444
4 0.10193777777777774
4 0.2548444444444444
4 0.10193777777777774
4 0.3058133333333332
4 0.3058133333333332
4 0.3058133333333332
4 0.3058133333333332
4 0.45871999999999985
4 0.1529066666666666
4 0.1529066666666666
4 0.3058133333333332
4 0.1529066666666666
4 0.1529066666666666
4 0.3058133333333332
4 0.2548444444444444
4 0.20387555555555548
4 0.2548444444444444
4 0.20387555555555548
4 0.20387555555555548
4 0.2548444444444444
4 0.3058133333333332
4 0.3058133333333332
4 0.1529066666666666
4 0.1529066666666666
4 0.1529066666666666
4 0.1529066666666666
4 0.1529066666666666
4 0.1529066666666666
4 0.1529066666666666
4 0.3058133333333332
4 0.1529066666666666
4 0.1529066666666666
4 0.0
4 0.0
4 0.1529066666666666
4 0.0
4 0.0
4 0.1529066666666666
4 0.10193777777777774
4 0.05096888888888887
4 0.10193777777777774
4 0.05096888888888887
4 0.10193777777777774
4 0.10193777777777774
4 0.1529066666666666
4 0.0
4 0.0
4 0.0
4 0.1529066666666666
4 0.0
4 0.1529066666666666
4 0.0
4 0.0
4 0.1529066666666666
4 0.1529066666666666
4 0.1529066666666666
4 0.1529066666666666
4 0.3058133333333332
4 0.0
4 0.1529066666666666
4 0.0
4 0.1529066666666666
4 0.1529066666666666
4 0.1529066666666666
4 0.3058133333333332
4 0.1529066666666666
4 0.1529066666666666
4 0.1529066666666666
4 0.10193777777777774
4 0.05096888888888887
4 0.10193777777777774
4 0.05096888888888887
4 0.10193777777777774
4 0.05096888888888887
4 0.1529066666666666
4 0.1529066666666666
4 0.0
4 0.0
4 0.0
4 0.15046666666666664
4 0.15046666666666664
4 0.15046666666666664
4 0.3009333333333333
4 0.3009333333333333
4 0.15046666666666664
4 0.3009333333333333
4 0.15046666666666664
4 0.15046666666666664
4 0.3009333333333333
4 0.15046666666666664
4 0.3009333333333333
4 0.15046666666666664
4 0.15046666666666664
4 0.3009333333333333
4 0.25077777777777777
4 0.25077777777777777
4 0.20062222222222217
4 0.20062222222222217
4 0.20062222222222217
4 0.25077777777777777
4 0.3009333333333333
4 0.15046666666666664
4 0.15046666666666664
4 0.15046666666666664
4 0.15046666666666664
4 0.4513999999999999
4 0.3009333333333333
4 0.3009333333333333
4 0.3009333333333333
4 0.0
4 0.0
4 0.15046666666666664
4 0.15046666666666664
4 0.0
4 0.0
4 0.0
4 0.0
4 0.15046666666666664
4 0.15046666666666664
4 0.15046666666666664
4 0.15046666666666664
4 0.3009333333333333
4 0.10031111111111109
4 0.050155555555555544
4 0.10031111111111109
4 0.050155555555555544
4 0.050155555555555544
4 0.10031111111111109
4 0.15046666666666664
4 0.15046666666666664
4 0.0
4 0.0
4 0.0
4 0.3009333333333333
4 0.15046666666666664
4 0.15046666666666664
4 0.15046666666666664
4 0.10031111111111109
4 0.10031111111111109
4 0.25077777777777777
4 0.25077777777777777
4 0.20062222222222217
4 0.050155555555555544
4 0.050155555555555544
4 0.050155555555555544
4 0.050155555555555544
4 0.10031111111111109
4 0.20062222222222217
4 0.10031111111111109
4 0.25077777777777777
4 0.10031111111111109
4 0.25077777777777777
4 0.050155555555555544
4 0.050155555555555544
4 0.20062222222222217
4 0.10031111111111109
4 0.050155555555555544
4 0.20062222222222217
4 0.20062222222222217
4 0.050155555555555544
4 0.050155555555555544
4 0.10031111111111109
4 0.050155555555555544
4 0.050155555555555544
4 0.20062222222222217
4 0.10031111111111109
4 0.20062222222222217
4 0.050155555555555544
4 0.050155555555555544
4 0.050155555555555544
4 0.20062222222222217
4 0.25077777777777777
4 0.25077777777777777
4 0.10031111111111109
4 0.10031111111111109
4 0.3009333333333333
4 0.3009333333333333
4 0.3009333333333333
4 0.4513999999999999
4 0.15046666666666664
4 0.15046666666666664
4 0.15046666666666664
4 0.15046666666666664
4 0.3009333333333333
4 0.15046666666666664
4 0.3009333333333333
4 0.15046666666666664
4 0.3009333333333333
4 0.15046666666666664
4 0.25077777777777777
4 0.20062222222222217
4 0.25077777777777777
4 0.20062222222222217
4 0.20062222222222217
4 0.25077777777777777
4 0.3009333333333333
4 0.3009333333333333
4 0.15046666666666664
4 0.15046666666666664
4 0.15046666666666664
4 0.3009333333333333
4 0.15046666666666664
4 0.3009333333333333
4 0.15046666666666664
4 0.15046666666666664
4 0.15046666666666664
4 0.15046666666666664
4 0.15046666666666664
4 0.3009333333333333
4 0.15046666666666664
4 0.3009333333333333
4 0.15046666666666664
4 0.15046666666666664
4 0.0
4 0.0
4 0.15046666666666664
4 0.0
4 0.15046666666666664
4 0.10031111111111109
4 0.050155555555555544
4 0.10031111111111109
4 0.050155555555555544
4 0.050155555555555544
4 0.10031111111111109
4 0.15046666666666664
4 0.0
4 0.0
4 0.0
4 0.0
4 0.15046666666666664
4 0.15046666666666664
4 0.0
4 0.0
4 0.15371999999999994
4 0.15371999999999994
4 0.15371999999999994
4 0.15371999999999994
4 0.3074399999999999
4 0.3074399999999999
4 0.15371999999999994
4 0.3074399999999999
4 0.15371999999999994
4 0.15371999999999994
4 0.3074399999999999
4 0.20495999999999992
4 0.25619999999999993
4 0.20495999999999992
4 0.20495999999999992
4 0.25619999999999993
4 0.25619999999999993
4 0.3074399999999999
4 0.3074399999999999
4 0.3074399999999999
4 0.46115999999999985
4 0.3074399999999999
4 0.15371999999999994
4 0.15371999999999994
4 0.15371999999999994
4 0.15371999999999994
4 0.3074399999999999
4 0.3074399999999999
4 0.3074399999999999
4 0.3074399999999999
4 0.3074399999999999
4 0.3074399999999999
4 0.46115999999999985
4 0.25619999999999993
4 0.20495999999999992
4 0.20495999999999992
4 0.20495999999999992
4 0.25619999999999993
4 0.25619999999999993
4 0.3074399999999999
4 0.15371999999999994
4 0.15371999999999994
4 0.3074399999999999
4 0.15371999999999994
4 0.0
4 0.0
4 0.15371999999999994
4 0.0
4 0.0
4 0.0
4 0.0
4 0.0
4 0.15371999999999994
4 0.15371999999999994
4 0.15371999999999994
4 0.15371999999999994
4 0.15371999999999994
4 0.10247999999999996
4 0.05123999999999998
4 0.10247999999999996
4 0.05123999999999998
4 0.10247999999999996
4 0.10247999999999996
4 0.0
4 0.15371999999999994
4 0.0
4 0.15371999999999994
4 0.0
4 0.3074399999999999
4 0.15371999999999994
4 0.15371999999999994
4 0.15371999999999994
4 0.10247999999999996
4 0.10247999999999996
4 0.25619999999999993
4 0.20495999999999992
4 0.05123999999999998
4 0.05123999999999998
4 0.05123999999999998
4 0.05123999999999998
4 0.20495999999999992
4 0.20495999999999992
4 0.10247999999999996
4 0.25619999999999993
4 0.10247999999999996
4 0.20495999999999992
4 0.05123999999999998
4 0.05123999999999998
4 0.20495999999999992
4 0.10247999999999996
4 0.05123999999999998
4 0.20495999999999992
4 0.20495999999999992
4 0.05123999999999998
4 0.05123999999999998
4 0.10247999999999996
4 0.20495999999999992
4 0.05123999999999998
4 0.25619999999999993
4 0.20495999999999992
4 0.10247999999999996
4 0.25619999999999993
4 0.10247999999999996
4 0.20495999999999992
4 0.25619999999999993
4 0.25619999999999993
4 0.10247999999999996
4 0.10247999999999996
4 0.15371999999999994
4 0.15371999999999994
4 0.15371999999999994
4 0.0
4 0.0
4 0.0
4 0.0
4 0.15371999999999994
4 0.15371999999999994
4 0.0
4 0.15371999999999994
4 0.0
4 0.0
4 0.10247999999999996
4 0.05123999999999998
4 0.10247999999999996
4 0.05123999999999998
4 0.10247999999999996
4 0.10247999999999996
4 0.3074399999999999
4 0.15371999999999994
4 0.15371999999999994
4 0.15371999999999994
4 0.15371999999999994
4 0.0
4 0.15371999999999994
4 0.0
4 0.0
4 0.15371999999999994
4 0.15371999999999994
4 0.15371999999999994
4 0.15371999999999994
4 0.15371999999999994
4 0.3074399999999999
4 0.0
4 0.0
4 0.15371999999999994
4 0.0
4 0.15371999999999994
4 0.10247999999999996
4 0.05123999999999998
4 0.10247999999999996
4 0.05123999999999998
4 0.05123999999999998
4 0.10247999999999996
4 0.3074399999999999
4 0.15371999999999994
4 0.15371999999999994
4 0.15371999999999994
4 0.15371999999999994
4 0.15371999999999994
4 0.15371999999999994
4 0.0
4 0.0
4 0.15371999999999994
4 0.15371999999999994
4 0.15371999999999994
4 0.15371999999999994
4 0.15371999999999994
4 0.3074399999999999
4 0.15371999999999994
4 0.15371999999999994
4 0.3074399999999999
4 0.15371999999999994
4 0.15371999999999994
4 0.10247999999999996
4 0.05123999999999998
4 0.10247999999999996
4 0.05123999999999998
4 0.05123999999999998
4 0.10247999999999996
4 0.15371999999999994
4 0.0
4 0.0
4 0.0
4 0.15371999999999994
4 0.15371999999999994
4 0.0
4 0.0
4 0.15371999999999994
4 0.14639999999999997
4 0.14639999999999997
4 0.14639999999999997
4 0.29279999999999995
4 0.29279999999999995
4 0.14639999999999997
4 0.29279999999999995
4 0.14639999999999997
4 0.14639999999999997
4 0.29279999999999995
4 0.14639999999999997
4 0.29279999999999995
4 0.14639999999999997
4 0.14639999999999997
4 0.14639999999999997
4 0.24399999999999997
4 0.24399999999999997
4 0.19519999999999996
4 0.19519999999999996
4 0.24399999999999997
4 0.19519999999999996
4 0.29279999999999995
4 0.14639999999999997
4 0.14639999999999997
4 0.29279999999999995
4 0.14639999999999997
4 0.29279999999999995
4 0.29279999999999995
4 0.4391999999999999
4 0.29279999999999995
4 0.14639999999999997
4 0.14639999999999997
4 0.29279999999999995
4 0.14639999999999997
4 0.29279999999999995
4 0.14639999999999997
4 0.14639999999999997
4 0.14639999999999997
4 0.14639999999999997
4 0.29279999999999995
4 0.29279999999999995
4 0.29279999999999995
4 0.29279999999999995
4 0.4391999999999999
4 0.24399999999999997
4 0.19519999999999996
4 0.24399999999999997
4 0.19519999999999996
4 0.24399999999999997
4 0.19519999999999996
4 0.14639999999999997
4 0.29279999999999995
4 0.14639999999999997
4 0.29279999999999995
4 0.14639999999999997
4 0.29279999999999995
4 0.29279999999999995
4 0.14639999999999997
4 0.14639999999999997
4 0.14639999999999997
4 0.09759999999999998
4 0.09759999999999998
4 0.24399999999999997
4 0.24399999999999997
4 0.04879999999999999
4 0.04879999999999999
4 0.04879999999999999
4 0.04879999999999999
4 0.19519999999999996
4 0.09759999999999998
4 0.09759999999999998
4 0.24399999999999997
4 0.09759999999999998
4 0.19519999999999996
4 0.24399999999999997
4 0.04879999999999999
4 0.04879999999999999
4 0.19519999999999996
4 0.09759999999999998
4 0.04879999999999999
4 0.04879999999999999
4 0.19519999999999996
4 0.04879999999999999
4 0.04879999999999999
4 0.09759999999999998
4 0.19519999999999996
4 0.04879999999999999
4 0.24399999999999997
4 0.19519999999999996
4 0.09759999999999998
4 0.24399999999999997
4 0.09759999999999998
4 0.19519999999999996
4 0.09759999999999998
4 0.19519999999999996
4 0.04879999999999999
4 0.04879999999999999
4 0.04879999999999999
4 0.14639999999999997
4 0.14639999999999997
4 0.14639999999999997
4 0.29279999999999995
4 0.0
4 0.0
4 0.0
4 0.0
4 0.14639999999999997
4 0.0
4 0.14639999999999997
4 0.0
4 0.14639999999999997
4 0.09759999999999998
4 0.04879999999999999
4 0.09759999999999998
4 0.04879999999999999
4 0.09759999999999998
4 0.04879999999999999
4 0.29279999999999995
4 0.14639999999999997
4 0.14639999999999997
4 0.14639999999999997
4 0.14639999999999997
4 0.14639999999999997
4 0.0
4 0.0
4 0.0
4 0.14639999999999997
4 0.14639999999999997
4 0.14639999999999997
4 0.29279999999999995
4 0.14639999999999997
4 0.29279999999999995
4 0.14639999999999997
4 0.14639999999999997
4 0.0
4 0.0
4 0.14639999999999997
4 0.0
4 0.0
4 0.09759999999999998
4 0.04879999999999999
4 0.09759999999999998
4 0.04879999999999999
4 0.04879999999999999
4 0.09759999999999998
4 0.14639999999999997
4 0.0
4 0.0
4 0.0
4 0.14639999999999997
4 0.14639999999999997
4 0.0
4 0.0
4 0.14639999999999997
